#dt=0.01 mode=0 tensor_mode=shear3 branch=reduced centered=1 transform=irheo Gtcut=100 tail_param=2
#raw_output=1 trusted_time=35.84 trusted_points=79 tail_sigma=0
#scaling_note=For_LJ_or_reduced_units_use_V_over_kBT;_for_LAMMPS_pressure-unit_input_use_V_over_(kBT*nktv2p)
#note=i-RheoFT baseline ported from the open RepTate G(t) application (non-oversampled viewiRheo logic).
#muF_raw=1.614
#Frequency(1/time_unit) Gw_storage_red_raw Gw_loss_raw Gw_mag_raw Gw_storage_low_raw Gw_storage_high_raw Gw_loss_low_raw Gw_loss_high_raw
0.0279018 0.0820762 -0.101159 0.130268 0.0820762 0.0820762 -0.101159 -0.101159
0.0309885 0.0723457 -0.10998 0.131642 0.0723457 0.0723457 -0.10998 -0.10998
0.0344167 0.060555 -0.118935 0.133463 0.060555 0.060555 -0.118935 -0.118935
0.0382242 0.0463301 -0.127746 0.135888 0.0463301 0.0463301 -0.127746 -0.127746
0.0424529 0.0292614 -0.136018 0.13913 0.0292614 0.0292614 -0.136018 -0.136018
0.0471494 0.00892112 -0.143192 0.14347 0.00892112 0.00892112 -0.143192 -0.143192
0.0523655 -0.0151068 -0.148504 0.14927 -0.0151068 -0.0151068 -0.148504 -0.148504
0.0581586 -0.0431744 -0.150933 0.156987 -0.0431744 -0.0431744 -0.150933 -0.150933
0.0645926 -0.0754871 -0.149153 0.167168 -0.0754871 -0.0754871 -0.149153 -0.149153
0.0717384 -0.11198 -0.141487 0.180439 -0.11198 -0.11198 -0.141487 -0.141487
0.0796747 -0.152142 -0.125893 0.197474 -0.152142 -0.152142 -0.125893 -0.125893
0.0884889 -0.194773 -0.100009 0.218948 -0.194773 -0.194773 -0.100009 -0.100009
0.0982783 -0.237689 -0.0612948 0.245465 -0.237689 -0.237689 -0.0612948 -0.0612948
0.109151 -0.277375 -0.00735071 0.277473 -0.277375 -0.277375 -0.00735071 -0.00735071
0.121226 -0.308669 0.0635203 0.315137 -0.308669 -0.308669 0.0635203 0.0635203
0.134637 -0.324595 0.151409 0.358171 -0.324595 -0.324595 0.151409 0.151409
0.149532 -0.316596 0.253516 0.405591 -0.316596 -0.316596 0.253516 0.253516
0.166074 -0.275525 0.362557 0.45537 -0.275525 -0.275525 0.362557 0.362557
0.184447 -0.193899 0.465207 0.503998 -0.193899 -0.193899 0.465207 0.465207
0.204852 -0.0698891 0.541444 0.545936 -0.0698891 -0.0698891 0.541444 0.541444
0.227514 0.0868989 0.566448 0.573074 0.0868989 0.0868989 0.566448 0.566448
0.252684 0.249263 0.517534 0.574433 0.249263 0.249263 0.517534 0.517534
0.280638 0.370377 0.388414 0.536698 0.370377 0.370377 0.388414 0.388414
0.311684 0.394904 0.208831 0.446721 0.394904 0.394904 0.208831 0.208831
0.346165 0.292635 0.0555609 0.297862 0.292635 0.292635 0.0555609 0.0555609
0.384461 0.106093 0.0251065 0.109023 0.106093 0.106093 0.0251065 0.0251065
0.426994 -0.0412067 0.151555 0.157057 -0.0412067 -0.0412067 0.151555 0.151555
0.474231 -0.0423402 0.341479 0.344094 -0.0423402 -0.0423402 0.341479 0.341479
0.526695 0.0740904 0.467128 0.472967 0.0740904 0.0740904 0.467128 0.467128
0.584962 0.240119 0.50097 0.555544 0.240119 0.240119 0.50097 0.50097
0.649676 0.407244 0.359314 0.543097 0.407244 0.407244 0.359314 0.359314
0.721548 0.247716 0.116024 0.273541 0.247716 0.247716 0.116024 0.116024
0.801372 0.00934736 0.378537 0.378652 0.00934736 0.00934736 0.378537 0.378537
0.890027 0.370657 0.432953 0.569943 0.370657 0.370657 0.432953 0.432953
0.988489 0.139442 0.0897872 0.165849 0.139442 0.139442 0.0897872 0.0897872
1.09784 -0.188593 0.272085 0.331055 -0.188593 -0.188593 0.272085 0.272085
1.2193 -0.407812 0.699121 0.809371 -0.407812 -0.407812 0.699121 0.699121
1.35419 -0.248411 1.3986 1.42049 -0.248411 -0.248411 1.3986 1.3986
1.504 0.804691 1.4983 1.70072 0.804691 0.804691 1.4983 1.4983
1.67038 0.843058 0.382949 0.925957 0.843058 0.843058 0.382949 0.382949
1.85517 -0.104161 1.20566 1.21015 -0.104161 -0.104161 1.20566 1.20566
2.06041 1.09549 1.81112 2.11666 1.09549 1.09549 1.81112 1.81112
2.28835 1.13631 0.820621 1.40165 1.13631 1.13631 0.820621 0.820621
2.54151 1.57787 0.935196 1.83419 1.57787 1.57787 0.935196 0.935196
2.82267 0.988441 0.89087 1.33066 0.988441 0.988441 0.89087 0.89087
3.13494 1.2258 0.797445 1.46236 1.2258 1.2258 0.797445 0.797445
3.48175 1.85681 1.15398 2.18619 1.85681 1.85681 1.15398 1.15398
3.86693 1.44155 0.496847 1.52477 1.44155 1.44155 0.496847 0.496847
4.29473 1.55527 0.378731 1.60072 1.55527 1.55527 0.378731 0.378731
4.76984 1.39501 0.51752 1.48791 1.39501 1.39501 0.51752 0.51752
5.29753 1.5572 0.422247 1.61343 1.5572 1.5572 0.422247 0.422247
5.88358 1.58375 0.39535 1.63235 1.58375 1.58375 0.39535 0.39535
6.53447 1.69812 0.601302 1.80144 1.69812 1.69812 0.601302 0.601302
7.25737 1.47491 0.274909 1.50031 1.47491 1.47491 0.274909 0.274909
8.06025 1.64723 0.0983256 1.65016 1.64723 1.64723 0.0983256 0.0983256
8.95194 1.45123 0.279888 1.47797 1.45123 1.45123 0.279888 0.279888
9.94228 1.49811 0.314063 1.53068 1.49811 1.49811 0.314063 0.314063
11.0422 1.50991 0.307519 1.54091 1.50991 1.50991 0.307519 0.307519
12.2638 1.64636 0.326883 1.67849 1.64636 1.64636 0.326883 0.326883
13.6205 1.64549 0.10345 1.64874 1.64549 1.64549 0.10345 0.10345
15.1273 1.65455 0.11108 1.65828 1.65455 1.65455 0.11108 0.11108
16.8008 1.61862 0.123682 1.62334 1.61862 1.61862 0.123682 0.123682
18.6595 1.61366 0.123897 1.61841 1.61366 1.61366 0.123897 0.123897
20.7237 1.57357 0.0814368 1.57568 1.57357 1.57357 0.0814368 0.0814368
23.0164 1.56954 0.197115 1.58187 1.56954 1.56954 0.197115 0.197115
25.5626 1.62155 0.0721167 1.62315 1.62155 1.62155 0.0721167 0.0721167
28.3906 1.59375 0.10195 1.59701 1.59375 1.59375 0.10195 0.10195
31.5314 1.61115 0.1248 1.61597 1.61115 1.61115 0.1248 0.1248
35.0196 1.60691 0.0638661 1.60817 1.60691 1.60691 0.0638661 0.0638661
38.8938 1.61774 0.0685832 1.61919 1.61774 1.61774 0.0685832 0.0685832
43.1966 1.60962 0.0510635 1.61043 1.60962 1.60962 0.0510635 0.0510635
47.9754 1.60869 0.0368364 1.60911 1.60869 1.60869 0.0368364 0.0368364
53.2828 1.60425 0.0475715 1.60495 1.60425 1.60425 0.0475715 0.0475715
59.1774 1.61236 0.0471654 1.61305 1.61236 1.61236 0.0471654 0.0471654
65.7241 1.60086 0.0503763 1.60165 1.60086 1.60086 0.0503763 0.0503763
72.9951 1.60872 0.0376294 1.60916 1.60872 1.60872 0.0376294 0.0376294
81.0704 1.62247 0.0461431 1.62313 1.62247 1.62247 0.0461431 0.0461431
90.0391 1.61597 0.0250523 1.61617 1.61597 1.61597 0.0250523 0.0250523
100 1.59822 0.0269722 1.59845 1.59822 1.59822 0.0269722 0.0269722
