0.9417154046806644 -1.3965781047011498 -0.6797144480784211 0.3705035674606598 -1.016348894188071 -0.07212002278507135
0.17919648727485687 -0.8310992152709882 -1.3090373644593587 0.1938877412491041 0.9932497035351971 -0.6469816305475048
-0.33366798379566953 1.6456717605826776 -0.5588897658482705 -0.514156663052727 2.4041193322985697 -1.53108259287363
0.796465840293551 -2.0036485171514045 -0.596962748085702 1.503680882481937 1.221436413076672 -0.9011201503953835
-0.45369873012461615 0.08023304241061141 -1.2581032977244673 0.5522200050609998 2.227577292070218 -1.355241493551267
-1.9815330795532842 0.2882437455810757 -0.11912331108457304 1.8043299319195407 -0.16036217905701025 -0.05065971364872301
-0.19087388960126034 -0.990606238348301 0.6730299840253856 -1.324082464472022 1.166490138238534 0.008376179502044914
0.5036300563785048 -0.5527646971207058 -0.9201936678335405 1.8002633604412994 0.46854978225277916 1.2070031793653448
0.18712289779980942 2.6116075272560475 0.35750004836441207 -1.029804804536397 0.7685090969541892 0.42529911585764635
-2.321149973492559 -0.11590422906128793 0.9801990211840204 0.8011650401167723 -0.33943540831298874 -1.2126242150471978
0.4912935493074279 -1.1458279458387148 1.3246786624104563 -0.3062675465966934 -0.9248190034741935 -0.5676659199936664
-0.8108888130650165 -0.5607173124842789 -0.7363841038040713 -0.37900852336705276 0.23896969923651049 0.5968890727968448
-1.1102432745276205 -0.9515379395659727 -0.4291525093014532 0.06374559279155836 0.09772937172900069 -2.0439815288694376
1.7040273506937484 -0.8901940183523208 1.816988861630594 -1.3522550174067383 -0.9641716511135761 -0.2514349547849742
-0.2226751133048911 -0.7715783225312308 0.734895191239904 -1.802034113723568 1.0550577298050254 -0.8179729970986531
1.251599654525502 -0.408714616179274 -1.3990565518227993 0.44911469839111096 2.230171007514493 -0.0524469822501738
0.11148493528077183 -0.3993740871759376 -0.8765282350783203 -0.7513264535331379 -1.320716207334935 -1.4090316713215871
0.07093801699363188 1.6200914287046837 0.5230956316925225 0.47378781243500867 0.2486021956535268 -0.864139480022371
0.18531318062544133 -0.4215810209049663 0.9375555831982871 1.2302300798533612 1.2537412046379597 0.3662458475198432
1.0437560701105737 -0.6622404287983599 -0.09827150640177615 -0.21086005691843573 -0.9030066966722933 -1.0242588734955478
-0.8849625639496177 -0.45760585285080313 -1.9229732027924273 2.0441536577240424 0.20371614725510254 0.04741048106034086
0.6205062520904999 -0.15504021516362218 0.48962751634743396 0.48287639597094933 0.737050359450244 -2.232715615958218
1.042283933469097 0.1502274825670831 0.6233755006131368 0.4619487725370396 0.262996052801621 1.4187976296109712
-0.3716088797436327 0.5094940999327849 -0.2833868494960416 -0.006476186723574753 2.401350705914395 1.7660103576035409
0.2948342413900462 0.8950627798628069 -0.22023171661272564 -1.8962730859794341 0.5311289227784208 -0.2986221907484027
-1.217758467987486 -2.3048656602250075 1.4029622039162357 0.5356925899122057 0.516577998036976 -0.7557764655138255
-0.0058207591707346625 1.347801377260131 -0.579648109966902 0.21980511441970402 -1.0108251182975374 0.18214663709621223
-1.0814159868291586 -0.501531285739933 -0.35398193616096746 0.8708557576118839 0.3978419675500281 -0.6477457585035892
-0.14687393803767426 -0.05879320007063931 -0.04787844558516866 -0.903549991591067 0.7788298204521027 0.2299717036488786
0.15332119173860387 2.4692548220273265 -0.4936223120610265 0.6598097011844396 -1.5351471304165922 1.8747532638487598
-0.9294941166062194 -1.037730405205118 -0.21241703728731115 -0.9679779545803219 -1.2459337023584676 0.7430062871767192
0.6535392890887346 0.0062591164631657335 -0.3742037374208893 0.6382075662930949 -0.6340436277277474 -0.7414202346631844
0.9187751405785822 -0.9138997582613555 -0.8712957816680225 0.5196788799411841 -0.31023657851513464 -0.9935298752788985
-0.1622411235808244 -0.26362143872116367 -0.7294560274465082 0.26079835915069705 0.6711552891907827 1.0243511173069737
-1.279776167929207 0.10261728287844614 0.07149869845798522 -2.0739013371938633 -0.8644280191091848 0.029434843699984798
-1.780506137067395 0.37582154963908276 1.2937798480404767 -1.2935143561645783 1.466243150384346 3.571601296083779
-0.2798451185461121 -0.3098406537627122 -0.4501834744408657 -2.9078632989874094 -1.2288308397564716 0.87154092575012
-0.2799603675651017 0.6340426010883786 -0.014007303910929476 -0.06726434225110886 0.5409554394846149 -1.1001755952950112
0.4111484779724482 0.2900587423815776 -1.2031815059709434 -1.6400651461441627 -0.5190188047369941 2.722395524224015
1.585570164007632 1.1547367385978433 -0.32816446851289444 0.2489944964735202 -0.16988032293037988 1.085206831708166
0.5226438958835131 -1.9179653894507256 0.811210627419813 0.9019341948841163 -0.539030892042506 -0.7496428321944565
0.5598587089685675 -0.5823693421540902 0.2861827572857532 0.03355169453770749 -0.5370931035897856 -1.1601862374577057
2.2290958759092923 -0.7788315103026731 0.2472058343286591 -0.1572060394148174 -0.00845089315560235 -1.554582216395785
-0.8843511580648867 -1.307668868031229 1.17080601279959 -0.8205488240379347 -0.8644616938022376 0.8926244921439311
0.34820851592401797 1.2837344214307254 0.5713357680025488 0.031972132412958806 -0.8835728970749699 1.5287277997695576
-0.1786834076453335 -0.8909686632041264 -0.21079326535780218 -0.19929351376373428 1.4594764671515759 2.42799720712856
-0.24636976856333995 0.9714257756975656 -0.7950530909437585 -0.2499829756363271 -0.7333176356541845 0.1017134310517821
0.6005003109978074 0.187866501662418 -0.3793890735913193 -0.055333919380192116 -0.732344278243599 0.5101137794243484
-0.3934591688058725 0.233621009014305 0.9519271053547523 -0.6154352960227845 1.4776152663156794 -2.3011452555762597
-0.6339173891986983 0.9499954594481658 -0.328429370431719 -1.00212375638564 -0.5219301261264698 1.5432956360581318
1.7693397484741387 -1.3831595506462246 -0.6786825897033999 -0.6937047969876738 1.4090698298481925 -0.22716499706107654
0.38516538332840683 0.16907966166988675 -0.0002911401458391999 -0.35526348566390076 0.9993411526502227 0.049336845808053476
-1.0832803313172918 -0.12996619305885812 -1.3226641701478503 0.09474548266739556 -0.4507067530841987 -0.9470065588947169
-2.021977045953606 2.19893556683189 -0.11875015572502687 1.7285727823972625 -0.8556842186123811 0.3946647358539827
1.8374798097010006 0.7795423691752581 -0.6416048099955981 -2.0626809387236666 -1.4342927457053742 0.4500232454442116
0.7390626161040278 0.684564076813515 0.07787113173793576 0.282777031111881 0.6604902146475233 -0.22399942760943564
0.4026376905788462 0.5283006051552892 -0.9058876428441585 0.8720138221972349 1.7394673244424177 2.4368770534919766
0.5635824209399176 -0.06046721348376794 -1.2532478292194442 0.8413071751297014 0.840732515379232 -0.8131241029929038
0.765204816404516 -0.4393585019058869 -1.1750555432377787 0.011511409364846525 -0.3233743593158746 -0.5888128772902409
-0.5420802816990905 -0.4471333726337726 -1.3764658036988189 2.162340961811753 1.4868897345871477 -1.0945124090015168
0.5527289637678253 0.12525816873655848 -0.0756963415656196 1.7495047011923013 0.7249419820067157 -1.1061413637247077
-0.3608094107167264 -1.7777853406406525 0.3845433616960894 0.17032015054071875 0.1926960099863487 -0.20807591110533064
0.044895734588233906 0.2845092579599322 1.9186076641133656 0.18483048008751046 -0.2870870325774404 0.5176209867012274
0.8675368357355943 1.1756247473824493 1.162906636137755 -0.23246923765692332 0.9606203974452765 -0.6879250525949496
-1.3472367093880817 -0.6744721402038817 0.5715808843119281 -1.5841910342609213 1.6549150799577557 -0.09856000098623147
0.5637993185423925 -0.37912800204320335 -1.3178555455398748 -0.2981971112974045 0.525350131485716 -1.019996103247496
0.25295460494344296 -0.9591245714353629 -1.6717800209230147 -1.0084759759628124 0.43505219078646856 -1.3966707487761674
0.6338051613447723 0.0009585301801589598 -0.7656380700261076 -0.033010816270928355 1.8164222405413102 0.7944628698377804
0.7953509529437729 -0.2979878955859935 -1.526933227566299 0.9951544925490394 1.3232297303408522 0.5457513466582243
0.5731754231132711 0.5901402077895644 0.1627312167179585 -0.2962684699499426 1.0138434818453892 0.23287503650598254
-1.992441858669317 0.10235715751781348 -0.30629587448195644 -1.4646166285556723 1.7072246969840574 2.3929599620419295
-1.1667216456696017 0.7287521644120174 -0.2349941224763266 0.2027993899261014 -0.5633813595564356 0.10421199169805094
1.3574533486847395 0.280807878885693 -0.32298580736665927 -0.34379900159442256 -0.8790427003127997 -0.28039895150396194
-1.2868873762567148 1.1575370183907765 -2.060623833233084 0.12548864435806592 -0.8640773228865682 -0.7159226305708883
-0.6119259049605587 -0.670909432643177 1.0756953042948731 1.066593229287006 -1.2695191214754329 -1.2231151295327447
1.537405603313284 1.5787027601486483 0.6804748888411563 -2.124163846902646 1.0522325023667671 -1.08534581115773
0.4471585112929743 -1.1242133585652152 0.14319475105859925 -0.6314935352602911 0.21733987006823818 -1.0624609849232576
0.04582176530538886 -1.101619589071659 0.0973681078754572 -0.38363642635710016 2.2422618264425234 0.6459547248872864
-2.142858073541693 0.18674333159151668 1.3936900905025789 -0.5039043969834819 -0.6278100990377004 -0.30412892979281847
1.5400694143261175 1.025213837578524 1.3310329132847576 -1.118535131692573 -0.3319270435661926 -0.9897787551866393
-0.16713527911025372 0.4613998161615007 -1.1548099558221572 0.5795647036797251 2.0733629729713234 -1.0914492933249493
-0.39440585993387045 0.23111135260346205 0.2427447297712655 -1.6098740178604503 1.0678353394471725 0.20857798769001792
-0.09621834621244232 -0.22789742483576006 2.2376830143041677 -1.2433488279660223 -0.06943152451626976 -0.39845691657983956
0.8528948062918847 0.4035004629419172 0.9089791845419359 0.16971517806438277 2.701053074180554 0.16932659342137343
0.1606691647506118 -0.34704503744998 0.5354438274722497 -0.4238304238616705 0.41946681982627937 1.436762434463574
0.47466538374267964 -0.19395464289493328 0.958871845151873 0.0433147878219112 1.3463954780272596 0.2102141174481469
0.40757690930487805 -0.49790459902516276 0.6992212127745108 0.59636389873952 0.5108155068959712 -0.13399328851870448
0.9275558396077693 -0.19805615485301561 -0.8204902833125939 0.13857898082555128 2.325327711767418 -0.9695758874583563
-0.41902751853130216 -0.48084241956368357 0.4648003130761677 -0.020597250041501713 -0.509584328362813 -0.28369830432178217
1.9317474243753112 -1.4470723055451973 0.2920215250272184 -0.8209754488184492 0.07542598433619584 1.6751565840693043
-0.2662088525369221 1.0088841649285356 0.5102670383209058 0.1526220316231269 0.3994485213065122 0.05186415822375183
0.9356154061119156 0.463548590091334 -1.56051267788197 -0.5154794677607697 0.6559814460412206 0.8165196694874292
-0.27406429458316284 -0.3187165930622816 -0.9029131917854699 0.3262794822024951 0.3276276673626898 -0.10888882349397741
-0.8725757264242088 0.5643770478453459 -0.12018136334680854 -0.8711233631054873 0.23754545783093672 0.7986884267788005
-2.4090715975900854 0.44564635241112555 0.23205054063845196 -0.7712083727933137 -1.425810804609263 -0.5457583177356965
0.3075975529097501 -1.04266891285644 -1.3744400299594264 1.0148180967451252 -0.686511602022121 0.3140495992697372
-2.252235269827808 0.6782346652431193 0.6962684091974817 0.8698406828172737 -0.7473895334399785 -0.8728963736868706
0.01744463911434921 0.058184252326354165 -0.43749452720634857 -1.3179994200316918 0.8411588459155401 0.04113355320765781
0.16448463138724986 -1.3984355754429456 -0.5595068029438626 -0.16334543694292233 -0.30622012430434886 -1.0869259048065276
-0.7368737502899714 -1.5205257534571777 0.18738432987417852 1.6839876535283889 -0.5405052129099587 2.8249035848495283
1.5047913144086922 1.4279626849549634 0.7451947174482713 0.1940665336360691 -1.302404342007882 -0.21553427244818235
-0.36878058163445493 0.28149950163445353 -0.013377379423613075 0.8162635826680258 0.0718000774694215 -2.187163128013464
-0.22183073022045685 -0.15159269373312728 0.22400016580139714 -0.8241659325214394 -0.6579020967989578 1.0382674278124557
0.013456536346946183 2.247382584627901 0.5350461179017999 0.8862464510026559 -0.2989665902359412 1.17382545835505
-1.2556258443624255 -0.6296877013054993 -1.0086656084758199 -0.20146503915304884 -0.6740970969546288 -0.7606925033893572
0.3143546712064286 -1.7335494435646372 -0.2530066429216388 0.9304809441048495 -0.40335040474069156 -0.4231442961621122
-0.3202115440903475 -0.9263623129548826 -0.46091772548333265 -0.29684189176295916 -0.45934326441184076 -0.814306121116805
-1.0204527196788704 0.17700374714108721 -1.5239629831015307 0.2245639693929217 -0.6041126147867565 1.3215395114013768
0.7851459580274067 0.31212944346861254 -0.009874181211682483 -0.3279642056511598 -0.16472055452296552 -0.15692262120690217
-2.0613903750253235 0.3727455166013493 1.2208856314905936 0.07765952982192112 1.8364756476466524 0.8147520775804264
-0.6413681530912465 -1.5158761862899415 -0.055311250334440176 -0.09914137020845787 1.346406289917651 0.35634006960499975
2.0321024316907588 -0.004020345854380055 -0.5010409385009394 -1.5317497660749053 0.24360056886301806 1.6511210782228138
-0.11143579930632679 0.4587744307015411 -0.8683985408687895 0.21776957642931005 0.5142234096534938 0.9115555524919281
0.8536760335761951 -0.6434697148348639 -1.4855249621035946 0.5107799557151059 -0.5200091936607774 -0.07955654977042087
0.9164331291083784 -0.5784216383686172 0.242804157053146 -0.9622650793840982 0.34736092791360634 -0.9308134394923988
0.12319061884629347 0.6493230287992255 1.2358147095455143 -0.488982506372286 0.9434225049220495 0.3051822866386839
0.04213622677997129 0.4184943496477241 0.13257622687687245 0.3158818544727532 -0.3990769164812615 -0.4706836880633536
-1.0566787635174746 -0.8829177080779395 -0.3348016571707508 -1.150336441540608 -0.43974559999181984 2.001304023916387
-0.6680051809987558 0.8830821016586609 -0.8144012042342861 -0.8880344125250986 2.395422552332356 -0.6720326643307541
2.108612684096361 -0.996126793058403 -1.0138341110855473 -0.5653512762255324 -0.1980462936672943 -0.6678249025643261
-0.02980066635133809 0.297831257112887 0.04587076186216241 0.0752331317367354 -0.31025688554065073 -0.45423909409358104
0.3450721999264047 -1.4706958219385804 0.9880097005849641 -0.18412853879268093 0.9682104783776014 -0.5213038956386639
-0.24776215423908812 0.39311474170075167 1.3188419171342731 -1.1950315522353905 -0.487933675539442 0.9892387234347496
-0.11000520807243008 0.21541711253172346 0.922142950735303 0.26384396285542905 0.30627409505469055 1.1802687813299975
0.2556995103099865 0.62045382055611 -0.7617361299891335 -1.4423461813700484 -0.7557625232458738 1.8332944975394163
-0.026759299112598927 0.9177642118856877 -0.07047598338423282 -0.293394340915854 0.3548579534448936 -0.1557270945649423
-1.557812248937156 0.3902786564210621 1.7392792316743948 0.5346957809727999 1.1012210507901765 -0.14690288961172507
0.3038471887968712 0.2786638548978259 1.3856707167006732 0.9899576264651224 -1.9237841240266929 1.1538877544185042
-0.3731538848423781 0.1460096657294597 -1.5031687721315405 0.7430163665603575 0.1354771330665245 -0.2488769540417549
0.4915429605413124 1.0512503879663704 1.4032989392672013 1.458792192694536 0.8042144321769132 -0.35125369868183526
-1.1707144494860173 0.5079791272232941 -0.27613290314653394 1.2171649934454911 0.2532907858034792 0.7997625836725499
-1.2722460290984139 0.4872970205990484 -0.7577489359076239 -0.17521052245155772 0.05740717849055958 0.4994871501792504
0.09533564601345103 -0.4463080721448093 -0.08118091876498394 -0.7520015485256095 -0.351629195178432 1.5939264189202906
-0.8852253554645861 -1.3875732246666144 -1.970614323406196 -0.18981457217526618 1.0382333475238457 0.9972243703248325
1.2041676373838235 1.106046494162489 -0.9475552541640723 1.1615824781772497 -0.4235746765713122 -1.4077592781200419
0.33563580398940135 1.8581039580831213 0.07484553408425357 1.206091482882299 -0.332613280739819 -0.6492139824992469
-0.568440260695464 -0.5940955517725588 0.8637419723941023 1.6039856777877501 -0.8422343087394992 -0.29204818170883934
-0.19449511117479426 -0.11573606136576815 0.6877439834913399 0.7307413689752474 1.1814161764316948 -0.1813652113553081
1.5093289556481493 0.7865184835014823 0.33892849733479685 -1.6931271511643593 -1.3978094827290195 -0.6523824023256877
0.3696282750072067 1.5814864624620715 0.6823458711917331 -1.5454313350320106 -0.8093591497405312 1.06449762044977
-1.481527880748225 -1.5577253738245531 1.475023095741947 1.189556247452404 -0.9294980552773741 -0.15582483619342283
-0.15330948250256304 0.0439114339563707 0.27188080347161203 1.4288382407749451 -0.6207967445782396 -0.9898551110641584
1.0962618834444393 -0.3310369912077832 -0.758760667177886 1.7858191813140114 -0.07831349196868784 1.3594466334447985
-0.5357833346408478 -1.7780523640261927 0.2169960488556447 -0.9603276225027877 0.26033227013071203 0.10152501297873855
-0.3764063471576147 -2.526356867300674 -0.5960758982276315 0.8992237109636741 -0.22185006391849948 -1.447648096058941
-0.09469959226155832 1.4892902675591027 -0.31744382952734157 0.8834332690653595 -1.5737601854274013 -0.3989471363292696
0.12263751213560065 0.17153747430126945 -0.15487777691068144 -0.1604858898229969 0.6870333564909646 0.19942957854603577
-0.21075756061899542 -0.305461136024796 2.4723544053547446 1.0223681621416283 -1.8671816714882759 0.9863263897147914
0.22317858565339538 1.045373222592456 -0.39181958980215187 0.48571485023752303 -1.3979809537905785 2.5884537316775744
-0.01660607042806239 -0.9820497785018375 -0.6588163977982217 0.42226452071078546 -1.5996984685196207 -0.3191056027462742
-0.432033013619616 -1.0274035807209865 2.178121095137275 0.5876229274771262 -0.836324771182688 0.5386405598389566
0.5453564554452291 0.010658399365985557 0.8159322522928542 -0.8815206954027427 -0.062376466460886876 -0.5628861511709506
-0.9230514485558396 1.677750469044467 0.32337816430778255 -0.6798972769037461 1.7951019453903245 0.24944580394711302
0.8593067228761724 1.5365306655844628 -0.24580431954053578 -0.5551420460928658 2.0187358766120678 1.0849743561321634
-1.1370142174682365 -0.8031523188241679 -0.5500667785326079 0.15043739756992483 -0.6115769648594082 -0.45600767869812314
0.5588532856604235 -1.5253170640945335 2.2874306272260174 0.3957734100569078 0.42210913204813166 0.09802424509028532
-0.15169232076936626 0.5513001696683895 0.08153768392542454 0.9342768053827657 -0.09266852389684968 -1.0143127283480948
-0.14477233206676932 1.155344928206637 -0.6736350294460436 0.5390357155116707 1.025541399270601 -0.739779926722255
1.7044288566814727 -0.24446108270661487 -0.7049707936294481 -0.33443941793899223 -0.4264213940852279 -1.0175826148308669
-0.18184906658515046 -1.000608827934179 -0.2043893671583003 0.005131475119607591 -0.016651760747025946 -0.26357547880350984
-0.5569249562490819 -1.197664380408678 0.13412018612615376 -0.8163124467045727 -0.2661895202513286 -0.6270999684916005
-0.8966919622286345 -0.16680595736672305 2.647926044150837 -0.360666366018093 0.32943427148187193 1.2494281734208577
-1.2590306703580294 2.3092863141980042 1.181756851672586 -0.6065757018889565 -0.2825954937087738 -1.4857002620555009
-1.347094646703055 1.7742154178465148 0.723114253054357 -0.529176192137764 -0.0022121866578791384 -0.13513893171957134
0.5224304730996187 -1.1795271408260726 0.9077024395243287 -0.2804528828749563 -0.6217653590613113 -0.627361963777665
0.27716114302971046 -1.3263789959357526 0.04487849558384073 -0.0035402358682083794 0.18923475963121675 0.23097874954079187
1.6193448715493362 1.6366905589374823 1.0851676976625488 -0.3631133492369059 1.7444399165639197 -0.6071989427801165
0.29662967845041444 -1.631861672248534 0.48172117187754393 1.1661802471802523 -2.1715441554080424 1.1257887683945977
0.2809928692557508 0.541629076702377 -0.31712440635205874 -0.4918965516409731 0.9120959042170734 0.7550696006419669
0.3939249843235104 -1.3049112602409116 0.02347513590516626 -0.785673962249593 -0.23058844292395206 1.032726171578326
1.58831866567855 -0.09143618207738617 1.172329342004829 -0.4116600182265071 -2.8610828673189794 -1.0211240831440733
0.6432264666288816 1.6242550134293965 0.4977589070699184 -1.864823137165174 0.00019243503910693982 -0.5810556172244111
-1.2019403523753172 -1.9239510253252283 -0.8724870750594704 -0.366449035117812 1.2201711311590764 -0.40052882633522796
-1.1727528766168867 0.7274464439809512 0.2401457655059979 -0.6787151394783354 1.2213118963431444 0.12080820482346667
1.4087701636979355 -0.543919211575818 -0.9565844124643205 -1.0303764008323841 -1.6200458376188194 0.030645518528080312
0.010673206979092839 2.1086935974994017 -0.3688238281920071 2.3796669200754605 0.36061074412621846 -0.17948895936258288
-1.5641527612291708 0.5280769874808374 -1.1333929442536546 0.3709871621088597 0.5461019595212919 -1.4639943134080555
0.5787633926064064 -0.1563626266136743 2.0343342014174195 -1.0598494414430788 -1.5733217115485478 -1.7789183277071783
-0.0348690329205267 2.066234095958681 0.20162980429445287 -1.3568228565387273 0.20834173818610047 0.1333760559002641
0.7577050142467675 0.05230643754624953 0.07665962000762515 -0.985738797767492 0.2231777194355982 -1.3839363311429227
-1.5810336697489094 1.320342726301585 1.0865525161392777 0.2674903607370256 0.2504643429813869 -0.4565958864230069
-0.2191387902357846 -0.8644749070052202 1.1198939028067487 0.17233734988870536 -0.28876109609259004 -0.03960354253365104
-0.8458265431243526 -0.3718372671830653 0.6503962048463211 0.018366640322013905 0.9570009308232259 0.7999454844985371
2.211039057274014 0.614142087988801 1.355816620690991 -1.9933535259976345 -0.8597304949955282 1.9935539673111766
1.692934879768188 -0.16741165335265665 -0.23398928781875955 1.472403225914351 -0.8393284035230596 -0.5755340070617299
-0.1212837269438218 0.32972426708080693 0.378323277831811 0.3801460042061572 -1.422810286853771 0.17163899733775967
0.027306834059660133 -0.3081143684918893 0.13327976206224942 -0.2666932981597832 -1.5537262513442176 -0.5587895983221786
-1.660077897240619 -1.7952142137235207 -0.744285818305351 1.099660770003079 1.1115480392081236 0.6367869926593108
0.25990646410283724 -0.6186687684838692 -0.10687899456288388 1.548944346069489 -0.018894112192264462 0.7744772286060231
3.3216233860440645 -1.424644490077743 1.2044228314193153 1.777016098442651 -0.2653342959125374 -0.09126628629819436
-1.230665726218752 -0.7330703367125856 1.6459542979983142 0.3548592340188114 0.15933759027584987 -0.3511266123124972
-0.658079811773115 -0.8868803958506077 0.07844737475960548 1.1051243497923169 0.4857315374321922 0.7589420655762666
-0.638261039234253 -0.9418089838466137 -1.1757281894345946 -0.4309823298147736 0.3936329173673077 -0.8284692379025019
0.15735659702277924 -0.37679443731679035 -0.8376062281543812 0.40881931209609795 -1.8066222168601525 0.5672337018806449
-2.9446694572309196 -0.2298777940216322 0.3241924198790398 -0.38463840225361384 -0.08748864548603205 0.19575788255269888
-0.020066126901560767 -0.19588879084378036 0.4942643823575193 -0.4305994070034302 -0.3067217069627434 0.18443498665150027
-0.3729962445325028 0.920802301614131 1.6170965751853814 0.5506038032611017 -0.22634204344630482 -0.9136414620297706
0.2047752365674251 -0.34530187024450476 0.8830560974470048 0.3117061942722212 1.3711157759138062 -0.9721383324935144
-0.603175810362923 -1.1360519466268344 0.3416829367306799 -0.9726667707152084 1.767476488918274 0.34509597795733904
0.36174110173531726 0.9219950157438381 -0.32112299666202204 0.4002631367754955 -0.3694668856162021 0.5032926712927465
-1.0858600459000138 -0.9696772813544927 1.1001906563242048 0.09456641473301283 -1.91062818705987 -0.6750490121345453
-0.409436670024263 0.010211834894857923 1.886422374103253 0.6356062866473152 0.5005360571157229 -1.9130182851308235
-0.1110496115700513 1.4407988045212807 1.5434469325326312 1.0591363885696308 -1.2496562659926793 2.1557132010438025
-0.25515198084271307 0.04637944584449873 1.1789389601151572 -0.7580247865348434 -0.06322936462573596 0.26645551476811774
-0.4174188257902335 0.4086653571444044 -0.537928428540614 -0.16837976263613177 1.0274298148342444 2.0044204639260608
-0.4747270094909214 -0.5747283791350127 1.0139225610728595 -0.9654556157564055 1.0820797304990746 -0.384975860532623
1.147916869083171 -0.9754244190866376 0.713009456771692 0.2031152372731506 -0.12032862578820502 0.5985151456180087
0.05308569513439904 0.7138994783922294 0.8047848273356566 -0.7716598041568238 0.38899688211856615 -0.3816759510030794
-0.15116617974267652 -0.06532354761527433 0.09629606899113265 -0.04509094009717101 -1.385144663518084 1.1472457840090642
0.19850721175495986 -0.00014772617800450563 0.5362100892405315 -1.0674912489241477 1.6830731018270884 0.4117061200746691
1.048949925789306 0.8890980777995788 0.26491418178278 -1.4727620964765988 -0.1686353873609835 0.15860994374520038
-2.038396597677008 0.8629384891325774 -0.3757825602797524 0.6547637673095719 0.7741200240334579 0.9102025369433137
-0.380977449894862 -0.08101663451495353 -1.2268052411973622 0.8030112551357035 1.0387622736250886 -0.22500120698807655
-1.0387949608408533 0.441526103730272 0.1565790605130334 0.9899494891671893 -0.6152117908709798 -0.7958561478832131
-1.6571667610983647 -0.9297787133408704 2.0798151571265313 -0.02656092254415828 -0.14519855582095223 0.15116437272026284
-0.8667827786747531 -0.7319090049784044 0.02337277620723849 0.2858869401344321 -0.7775504184098055 1.6109303840744786
0.4629298987735453 -0.10617100898435068 0.22715771567052753 -0.21974562980622833 -0.053019010162299735 -0.22696147550129123
-1.7773018377609537 0.9618702368687931 -1.7797526165791833 1.4147191856205816 -0.3120447076670699 -1.3252324941665938
0.48221242703073924 0.774599898261198 -1.1327035307632516 0.7079396421642454 0.8166554901887406 -0.02033318358809184
-2.327407368199714 -0.052110752634593235 -0.7941915431027421 1.1619969159859314 0.1427362575146143 -1.4034206112969296
0.014224751228799066 -0.6598076544100978 0.6016953701891862 -0.16526497059128809 -0.7247245325443341 -0.42053448101745877
-0.5508265777059206 -0.6202427576497656 -1.3749662968560405 0.6342520312656222 -0.19284089580258515 1.6018134702204379
-0.3044471522606692 0.43680517794994966 -0.4562538603811891 -0.39280527716683816 -0.9137303066692528 0.4259264434863773
1.3981701822351593 0.7253861981275453 -0.7303612779435446 -1.5731758479427391 -1.2203708301869096 -0.35382838004051465
0.3314004128791291 0.5959934632446698 0.16630793093945084 1.2093390947875629 0.39468458710109444 -0.8528567757362283
1.2025688806013506 -1.1029589491924172 -0.1890834454089736 -0.8835732434011057 1.8869681242463656 1.7383131566196433
0.6264868725094005 -0.8117549136754708 1.3986682626242215 -1.6227447583091412 -0.6477183754181829 0.9864132047178661
-0.7577190982987234 1.3423047042182565 2.459115579932911 -1.5140277444006152 -0.03335067094137675 -0.8528025226309728
2.290748649112822 -2.137833805498018 -1.3892537774583773 2.0026444093711646 -2.5785600634346255 -0.18739879478160942
1.830410247268252 -0.04767023038465743 -0.23489786289203105 -0.5285158837913793 1.3447437198395986 0.041560698399886936
-0.660928781251346 -2.2464490423788472 -1.5360726679262968 -0.16587175345912275 -0.4071058292196673 -0.5411933472510989
-1.743813258451009 -2.2278113205663796 1.1696103411857348 0.9823447437185338 -0.7311169861403664 -0.6389148606219309
0.039059278213007385 -0.13984569323947052 1.4385121093057993 -1.1537776011218641 -0.47491320704869017 0.05785991163383279
-1.2666430763452978 0.3885506214759706 -0.028170491845918924 1.1542701056899136 0.3642341051082046 -2.2334455416086847
-1.7351403100594185 -0.707822457440315 1.73852558879795 0.9265694976207024 0.5329733278244684 -0.2894622886121053
0.9106409061169274 -1.7202316887383315 0.8726336522409194 -0.8334060024403747 -0.5310662554048518 -0.4296121896763682
-0.26499514217400205 -0.983983478041874 0.5322464347736029 0.07121417680653336 -1.588158577925121 1.344071479389401
-2.0442584433576374 -0.8837497484197935 0.3849866687479058 -0.18268832969471177 -0.7673856266000963 -0.47501246938555214
-1.1016581890665051 -0.04706391060827085 -0.4597235198006591 0.0582430676827609 0.5793764218639214 -1.0060369073770083
-0.6934654515137648 -0.893865954798302 0.5241208538450757 1.1325678864399606 1.0525149436599146 1.6479448268521106
0.2731882096925667 -0.48527745622565277 0.34200188360019057 0.1579098940480598 -1.9374096772537612 1.5373428914720253
-0.7372514013640666 -0.2714098350963641 0.06182264402565477 0.48084175342179786 1.1556335212158568 1.4162216335646558
1.2865996500741668 1.5283218196721817 0.24016265328392788 -0.48637436633977443 -0.11098907772840476 -0.042918209169117615
0.8273767495386612 -0.9744705434375198 0.03895145630281826 -1.1603993159544779 -0.8461044470840177 -2.1536824248721924
-1.8971849733137933 -0.7448929009289512 -0.25002556267516085 0.37779957679393944 0.716596740617554 0.02317187658838276
0.4564498958268625 -0.7335667888987997 0.18581432789253116 1.1551471858437392 1.1269421417260814 -0.39055848010022187
-0.21708033161120097 0.33795830912442487 -0.6408951527492316 -0.31981925217747603 -0.6593507162371348 0.7246249541504531
0.03731322193982609 -0.7249637912398111 1.515183035428037 -0.6456177667615396 -2.0466906654414205 0.24394314213164883
-0.6238528259789496 0.7621863765600978 1.1936728487756796 1.2610777412675889 -0.9580536448199332 0.685156875250266
-1.4370182638731765 0.26507189754184424 -1.5627761891665461 1.583764031317385 -0.8584587785740599 0.391366731679405
-1.3849706471763972 0.9946123698488646 2.004960432954119 -0.08752540690559461 -0.8232241503827146 0.10542970687362126
-0.8659035836844807 0.30569164589301073 0.02613822594840696 0.642821738604559 1.1313148054621058 -0.32193766905397203
0.7584631431950906 0.6272536173016421 -0.918795139221186 0.77265399256755 2.7194433833332585 -0.34282824302303183
-1.2702662549286081 -0.5581865546236445 -0.5320836425079944 -1.0545567316839277 -0.8660276766821071 0.07265995337910443
-0.1771056987181728 -0.4017769543897495 -0.8620950741941008 1.920732545453006 0.37097679408868073 2.592389332273845
1.3023982646522518 -0.12997137775603435 0.4288132340975183 0.1113535156747909 0.27330993885999844 0.8466177880117808
1.3539353657525492 1.1653477103490337 -0.47963994261478216 0.5499059558332605 0.9454137212768498 0.2662743389872036
0.49750382259363723 0.01409139465278776 -1.8503686148506533 -1.4287032794875651 0.5142101690934239 1.5613824101351543
0.017653020271613286 0.051778339025982424 1.5400911500283 -1.1709557120043943 0.5702765717588568 0.2543847158511574
0.2261002328465192 2.2847327593192674 -1.3380127146232699 1.2263001673226328 -0.9012320643724947 0.3845405797279536
0.13317269879986257 -1.376679360973367 -0.16010038911313856 1.3125539166730678 -0.535630580320385 -1.7952521404080912
-0.6320960145853212 -1.2837101822493902 -0.3620709082980934 -0.24907565921907432 1.4911005358985836 -0.5348292219871776
-0.21989016107714715 1.5196176627546762 -1.0639247323524876 -1.0094249209311303 -0.9450860584800798 0.8997659246239527
-0.35951890088138766 -0.5667254416962523 -0.5057608381314078 -0.025482498866112202 1.733765149371986 1.3541262605002955
1.5000516425266663 1.4915409216479452 -1.081852670149032 0.20778938200721764 -0.5549158371590892 0.8766542928962356
-0.9250499434315019 0.8994568888476722 -0.9516865093394896 1.5956080554228462 0.07792751113695895 0.7518084400435383
-2.3212012864090323 0.2850670307382633 1.5851998279666286 0.24001182674215038 1.018057109407086 0.038440240368345015
0.09689998590661716 -1.0826251592947203 -0.6903962845135836 0.3275878127267441 -0.7110754563263456 0.11218531674442102
-0.3043018635641772 1.4233601388115655 -1.8681691231154878 -1.347412668640999 1.1924992281423694 -0.23627543966656622
0.719843779606057 0.441472497990312 -1.4861735934617262 -0.16695749236121338 0.5477355043645918 -0.19255497278732597
1.9667194413587081 0.4615250125941452 0.5787753651120684 -1.6024160127757205 -1.475812683422599 0.2949962163295434
-0.5546210960279457 0.34483293153767824 -1.361450047059572 1.1134709538629706 0.8157626707425646 -2.41450329092531
1.1522220388617284 -0.9819999562500893 -1.590595340598587 -0.2102059548777498 0.92293344259221 2.0684028618724555
-0.3130230716430198 -1.3066040431727546 -1.2969983741455018 0.5705573579425908 -1.5816725489430026 -1.4424614283080515
-0.6255194439439345 -0.297889529758625 -0.6960828387165493 0.2686438899418591 1.5926723504067906 -1.0831081413733044
-0.6210210447030275 -0.2271985203464399 0.5168161142893125 0.1450283806177425 -1.403349877721595 0.5230461955191996
0.24706162670670087 1.4987604046594294 1.0883725368449042 -1.2832841024686368 -1.2857605299551766 0.6497691400153209
2.0759846717957164 -0.15200360396668025 -0.7999654746188596 1.293545890594099 0.662217044996672 1.0915602693352064
-0.6662811612223992 0.8420790024207495 -1.3679772926397378 0.5525990718896495 0.6378389877119254 -0.9260323666219905
1.0134759334724717 1.3337798415250606 0.025603740155305747 -2.480091691534607 -0.8782107205733134 0.6895917339654805
-2.0420609011558732 -0.5324676569213478 -0.0588430205081663 -0.19887943968071242 0.5196522924963418 1.8912479704615124
-1.748575172034339 -1.0411432270159768 -0.5836749374645098 0.36325350627457453 3.325819377280733 0.08654722005002362
0.9397489737340665 1.084774578573456 -0.9759916828717337 0.06319652656120624 -0.39279564697759084 -0.09352477459685939
1.1445068582909745 -0.21807146536378205 1.0378771166163834 0.10001346206846704 0.03912739819980578 -0.8640863204962488
-0.05340266970400959 -1.7069556838568918 0.1791881245874652 2.6172908694510517 1.9655306892506208 0.34798935293273614
-0.575244663712174 -0.045815096052233516 -0.0707262820427963 1.3399349132743124 -0.3395743463039194 1.8788859445433999
0.18733857044541238 0.9664987937210964 -0.9103967785409653 -0.03899645071041072 0.3516089707495985 -0.6993578348003794
0.4916453926445454 0.3075934751271446 -0.8993569591210235 -0.921617027173109 2.906373574033588 1.220974694071169
-0.8699989191834685 0.11301431906401238 -0.028953160828385578 -0.21987555722855281 -1.3534305162571498 0.5932781151518078
1.6457963537965774 -0.3991014974687276 0.37776730597068636 -0.3323756540697676 -0.22984330060160213 0.1085609573395965
-0.1356707863723226 0.9754866215259765 -0.5378520508016807 0.8041747531364886 0.21223519019264833 -0.6125942958327643
0.5637620255774394 -1.1151681487185865 -0.6707892650808651 1.075648020892193 0.617898812073279 0.9931749882999785
1.974849225926002 0.27414493605816137 -0.45037842617728374 0.8002994444130844 1.37813439775677 -0.041992201223943086
-1.5370122955878591 0.8747302373840599 1.1843704259283474 0.5362400084389262 -1.970634946036519 -0.2577717817707675
-0.9875444482914139 -0.5941303917903833 -1.7310853587178687 -0.22118319915456439 -0.7333765889758931 1.0459908800751108
-0.8706537698054885 -3.173974994109768 -0.8856959775055538 -2.3977305686234787 -1.103460656549353 0.8120037496487194
-0.02735918896203074 -0.9251752456473032 -0.32275715372309854 2.6659595933966083 -2.494310202174954 3.5004813935834016
0.41814469597366966 -0.5585886683086473 1.3533671492211536 -2.5283702469994918 -0.24786239067441843 1.456900527802048
0.05119920250378957 -0.4138712313370228 0.3623553018601934 -0.7785114849625224 -0.6627724074167666 -2.3574846306169173
1.3421748095622938 0.30097709114533777 -0.1299419695210243 0.47610860421411993 -0.6600381372952131 -2.7009729303389274
-0.9192044108967463 -0.07356636915556991 -0.9823859384039991 0.32542092998018274 -1.0053607411601588 -0.20426316133754813
2.4391577681138052 1.348381406102056 0.6184521617792877 -0.01279684839399572 0.06030891897039183 1.0701209613132876
-0.07989670443996563 -0.2393949010718493 0.7299315241159482 -1.2254867875524476 -0.24467684479750829 2.0084723961808564
-0.46221466637816905 -0.7407136621474663 -2.6588953808076323 -0.8243146284739863 1.4979451323853519 0.47045758314217195
0.8978868044788163 -1.2454592718416537 0.8594289676064992 1.0391159081724646 0.23328142433781227 -1.0149868456207853
-0.6643378434716143 -0.3785349386730129 -0.6984826002001181 1.6788655982351202 -1.0891179978708285 0.07197009562546276
0.6939971304635932 0.6757831250975426 -0.7186833477798203 -0.09410071589751803 0.35029887406483357 -0.9194214664124963
0.06204069321733792 0.8563583310746564 0.97665036766891 -1.9328630454935263 0.16957319479199634 -0.04320089206029042
0.029872682534319375 -1.2206668907679112 0.5335126023494099 0.5305713412100208 -0.20131153661409662 0.9976122297394401
-2.310357248032476 0.4298822267267042 1.4671682285604815 0.5634228959900197 0.5721312179068397 -0.7462037706898298
0.0034788576343883788 0.7072966404896919 -0.1759687563766032 0.5320148423599665 -0.7195567218619864 -0.2422145686437516
0.7170815544355631 0.1239975091935719 0.4462979412132644 -0.9387357426448852 1.784217759656022 -1.6024024495148828
0.05353639177016988 1.2802225355496493 0.9681009340803027 -0.8969708410891923 0.3719715989267389 0.6569251872581386
0.841014409355293 -0.06552559271483158 1.1998696169973568 -1.315265704756597 -0.08054218542897743 -1.597925502550876
0.48201170104397345 -1.8782001401770203 0.5601817495433407 0.23148430487868057 -0.690782743862316 -0.024008676238225415
-1.1405494322927514 -0.24156771470359917 0.29644819298557257 0.30312188871765755 1.8621749960770857 0.13658642553325887
2.2235807614620686 1.2543042915915534 1.6462956773661725 -0.1678206883120361 -0.7646104544066367 0.24640283417330125
-0.7846260215666958 0.48114214358154517 -1.2797876673907842 0.9761288108324523 0.4573111203341046 -0.36625167244228296
0.031600296054401934 0.6857004508364108 1.8832937686952855 0.5515899297448187 -0.37159028014400824 -0.026369940417967686
-1.0326714161360393 0.3626100435714789 0.2958353590362764 -1.6668514009989641 0.9319698090991154 1.0502947990572014
-0.16451969791357368 -0.010025177438637237 0.8884682320663015 1.1869876233381056 -1.7273830700051613 1.9097691781342843
-1.5267737974653393 -0.016791906595863063 0.7630884465009807 0.8505461591033315 -0.1885958649976144 -1.8840730984817475
0.31312651962483434 0.9556770314939833 -1.0626108375208914 0.17839735968393702 -0.8277051976146738 0.1287420691316227
0.7971261787787648 -2.0615714466130823 -0.830507728419435 1.1583203840456264 -0.9625330105054415 0.8958779238696302
-0.39594441721516543 -1.1115739759135264 -0.7677433028268128 -1.497049696461002 0.3578725026072953 -0.5389183123851486
0.2519751260372408 1.1752151404215085 -1.8126048584016814 -0.11011830726468812 -2.1334215273100794 -0.23394964715072128
0.20503510755076407 -1.1703329121152337 0.5244497682731036 -1.0084294410522168 -0.5808397210507859 0.8938184046274621
-1.3955180274141372 0.3939742625494279 1.531044943523954 0.5205111902825459 1.0861494558787779 -0.21972039592812717
0.6087760506844617 0.2807530081233559 0.6134073371998932 0.4648772475757327 0.012482414299224568 -0.04409265330740247
1.660060741493728 -1.6899649304249305 0.245232227875551 0.5667283720737849 0.923600127552145 -0.20180521977383206
0.050923349359047715 -0.12453855243259843 0.18205539195596562 -0.010545169626741742 -1.7917598177229825 -1.436775631782032
0.4213138337935677 -0.7521895961446893 0.4372659038706837 -0.8985591076094739 -0.9501804800306872 0.0011557216688022614
-0.807769071500294 1.0451874415892815 0.31033190951090134 -1.519292635394626 0.019218992289993818 -0.16847211027759967
-0.9143915998921182 -0.1845334900551085 0.5790899642787051 2.176584903063898 0.20948775835589378 0.6032919675985532
0.6336587906258944 1.3209544679370242 -0.9062689693128928 -0.7665720434817823 -2.0314347262974892 -1.2326385185060929
1.3986409252669345 -1.6647317654679097 2.011664679496566 0.7122421857138903 1.4164437265596694 0.28267947137865157
1.071757236016002 -0.4975025983979366 -0.7849532120664419 0.43590505443604716 1.9721808087571533 -1.1476291656270945
-1.160042158527441 -1.0774187985955055 -0.2896826634408412 0.46204924468908576 1.4502197489000315 -0.19246118555399416
-0.4194424984093248 2.715855073295307 -0.6940127051269279 -0.5666116741678107 0.3194883532557419 -0.24521689044747325
0.19678877288289737 -0.555858669284896 0.6036645460325352 0.4847137988912012 -0.30001176699866816 -1.3352985278441996
-0.5180454635488088 0.27940291722485183 1.5131225708313132 -0.7859817354855351 -0.7137558854346723 -1.686082306062891
0.07411262459626919 -0.4827337284851813 0.27931222720502036 -1.8897827009237564 -0.02338736770808414 -1.1472070240646686
-0.17848121988129279 -0.42294491925335 0.0702005711733525 -0.7767317053104222 0.3109311626454635 -1.3858552926893155
-1.237264589472745 -0.07065222805755583 0.25771396467737406 0.1307632341284324 1.7211293395697724 0.16078341129899587
0.3301065138373923 0.3914357197547799 -2.069531135526125 1.823086556347688 0.653662733779655 -0.569568787399005
0.1790685517145668 -0.3817943020298127 -1.0244783707361051 0.825631156769989 0.31483706078887097 -0.027273992364853308
-1.9139207246899745 1.1741590112358988 1.3317402980991153 0.23338035769086046 -1.034174190214784 0.7574071072454636
-0.29523661491067965 -0.9782280368861672 1.944208104165265 -1.566605184683347 0.3341884756691658 -0.031464844771836295
1.0651503119076842 -1.7547191610539576 1.4552914539671968 1.8860474172936226 0.4755601772060533 0.48836350870247514
1.811929957724868 -0.5196714712830143 -0.7304226945635913 -0.38118118842427207 -0.017333074005571422 1.0157952744745802
1.4201140566948387 0.08033306437754378 1.6346179653761532 0.548777351754225 0.12985031878176478 0.06126607751420035
-0.371870422699441 1.6806580414803156 0.5904064824423376 -1.033025177042549 0.4565951521769689 -0.18645365222722923
-0.8111237152298343 1.4278947651040121 -0.24917229029570476 0.5020605767901002 -0.31679274794493734 -0.16993308599913834
-0.5343745717773696 0.5478606585863407 -0.5666062159750811 1.003415136021484 -0.4093123531844854 -0.09339084554748556
-0.39374246562107124 0.9016646470841699 -0.9390078676675658 0.6528806477290882 -0.35042402532954664 0.17613819871403433
0.27540721934585743 1.4111723945492267 0.5684521013638796 -1.0533046591606188 0.22820779918840492 0.30670368021401717
0.5487675550496172 0.8173272814999303 -1.3551624683123271 -0.5885190545601044 -1.2757070664950658 -0.1967912589681013
-0.8867224778559277 1.1851327162560732 -0.14694746881792722 -1.0035710907809472 0.6547165140432504 -1.5152461844305667
0.9264677185738821 -0.6318077757762439 -0.976040366784021 1.4319007194133253 0.9568543248563611 0.23031456655875962
0.9059880298569188 -0.13072345938352528 -0.7558513321133591 -0.05863813580514472 0.42939637747147147 0.22544685555638633
-1.2756874954816135 0.5500412437768607 -1.1597030920978473 -0.3428466751034628 0.21898175289182242 0.18501683160675453
-1.5082160566758007 1.8538337113277856 0.33807483037360536 0.7163130057340874 -2.203799812556722 0.23432215127994463
0.04826820315986503 -0.016704203081597178 -0.4392615243884783 -0.5880801552353342 -0.9307920766824536 -1.3600703508709222
1.1510638833935378 -0.9876206978077547 1.0047753989771893 -1.4352103443954334 0.15903112070348233 0.25310311827798887
-0.08607154359516853 -1.2187474851171334 0.6002667172697057 -0.008050916403644698 -0.6189104095534957 0.543780101705828
0.8317223495110265 -0.793949677626878 1.3422321777861148 -0.8092437764382275 1.3532826019682904 -0.010151252136816342
0.6102468124670701 -0.09210274222870388 -1.2270338583707374 0.47089568772937407 1.2833894125487104 -0.17610992237213996
0.9324085481590014 -1.054066912345451 -0.9936325306561306 -0.07757886199577693 -0.5673696992162593 0.6146748881767448
0.6160926487212836 2.488246517844973 -1.952095228897087 -0.45520204923716057 1.7912898734836222 -1.579959488900306
0.06743534177211233 0.905324821476617 -0.5907610560022398 -0.6545049950897135 1.044226791993049 1.3276483881671264
-1.178515130664977 -0.386133664004509 -0.12136455790953321 -0.47855929241405104 1.008430267347598 -0.5387401981430857
-0.48405860287421565 -1.2648678565841176 -1.2417048919394071 -0.9660790155363179 0.994162318363276 0.6204119753771509
0.24538697143303673 0.9629857714725141 -0.9322028774172334 -0.06892265587427163 -1.3497779771281035 0.8962251847779434
2.412607808876185 0.6735130597360801 -0.4747183314318994 -0.3630849222047715 -0.3845836123502652 -0.1445459384440841
-1.5275325911419304 -0.014144682873744522 -0.7604836667100381 0.41946226597519587 -1.0791414484415696 -2.0762909269710033
0.6916563495347038 -0.703615887588148 0.3232006631885871 -0.37410400086007517 2.666168468163138 1.0308965805423738
0.11194009504697884 -1.3771104522222473 -0.8016194198094563 -0.3103012690900288 1.5768752539473812 -1.1596195302889158
-0.7009717522037852 0.08088946276862406 -0.7181186782039325 -1.4404657964012078 1.7670341726089487 -0.04990542913073044
2.547960727077304 1.6451262209401096 0.8069168056970604 -1.0468722062219415 -0.7911445358992965 1.4193526948079969
-0.3685240788698789 -0.25597516456300806 -0.18613570295920331 -0.07849110027135611 0.44845672995546926 -1.8079622058669087
-0.054584735867823815 -0.4346191070257334 -0.8477765146770158 -0.5238783211387034 1.4599855973636637 1.5236028850717647
2.113436592518921 -0.8017269292224288 -1.9607939393763267 -0.38961413955762575 0.26942992380667075 0.7923987764102844
1.122227861613902 -0.7250006500399493 0.07926217035272073 0.5219824458055561 0.15902938160358066 1.159782301871678
-0.5370317458003994 1.537299045068936 -0.053959874522662356 0.4005719908042529 1.1847681157870757 -0.8812811506769769
0.6254625442428915 -0.10283658116596733 0.12782926090384028 -0.13546178952293603 -1.1110522841626123 -0.2691196166999676
1.289443221427913 1.30897627359751 -0.279405945357843 2.120383977907449 -0.6112912601531778 -1.858033172747417
1.1838537290700832 -1.3178919153537116 -0.007658593614842442 -0.08999444094458596 0.42287609182019154 0.534203113102885
-0.07267025109654413 -0.03846663755619152 0.8034579198586023 0.8255318514401416 0.8471494850825428 0.22355985932302166
0.11605564815633863 0.608143027483209 -0.8388615916687783 1.8860597231706873 0.16837858683462098 1.437529809975438
-0.15054582649506684 -1.4922880292234277 0.3483633964019724 0.8599975085450262 -0.17260696832918226 1.231822850089563
0.6878263413751544 -0.13553648086657838 -0.3482732436118407 -0.11892454350165742 -1.762059323256883 1.749545221671731
0.3753753859907613 -0.24328911886126 0.9524915055951988 -1.268170107125373 0.9669310798563301 -0.5481232276632164
-1.8812649391212775 0.9952461543602977 -1.6493287291215168 -0.38128186889430754 0.16534844460604242 0.33828235024641246
-0.8285518662202344 0.32507667791128453 -0.91623433245681 -0.06848102735717114 1.0600272352079743 -1.239743509313376
-0.38682212593503956 0.34556173772865983 -0.31157321293710316 -1.2085963285000343 0.15376577510311149 0.21717361811378563
-0.8954246926652863 -0.8065855244805217 -0.9225650598695573 -0.4733994741301317 -0.9774347991279436 0.19466751229865317
1.0546875439094978 0.6483692770801561 1.0802957497134869 1.035153152162368 -0.00221668530013525 -0.606358136520062
0.2226143608842354 0.7079468845316667 -0.8319748661148614 -0.5926457300522188 0.9583882958987757 -0.8182253970601072
-0.6930958481277116 -0.11261779123105788 1.9137326792650422 1.229000758969848 0.42806139338677357 0.3095237267197851
0.44185199715879836 1.2347923810520451 -0.682549155251492 -0.8149324251221369 -1.1304939659927453 0.8780667347998224
-0.13630257404315618 1.7901974725482577 -0.8659472177956905 -1.0474165673173164 0.9054240428835698 0.16610417448395542
0.08027913624284018 -0.6742894526929418 -1.669064741876396 -2.1376819504091196 -1.1247274274411105 0.4408987689438606
0.028036684147840902 0.11531235481019132 0.09501261593214405 1.1259149578458103 -1.507635845938639 -1.158426266223265
-0.2222738550058404 0.865273999327356 -0.2709360177115081 -1.4524313405692992 -0.4528313583547913 -1.9976789695994046
0.43764726312873253 0.2726793165775692 -1.3768141945882684 0.03164555493426308 -0.40996733287353576 -0.59574286517684
1.4799610799537344 1.70217363545342 0.011825767331876175 0.18931006463931616 -0.2477807958105831 1.1810630574730425
-1.096904032469466 -1.2185539145675954 0.7263755484691801 0.9436251040060865 -0.6856310705779776 1.4524386463548438
-1.159330269093963 1.4104919513982543 1.1610788866035942 3.022043993135026 -1.0406089878020464 -0.14103371053025088
-0.14868049751701648 -0.9644917999986192 1.0516360992104385 0.23839263023077462 -0.346114393509574 1.4300224396877397
-1.8563734411301336 -0.3145568470387779 -0.5797640354215053 0.039112807828269626 0.7756393281112666 1.0481230272971902
-0.06435007420425588 0.6865541919537542 0.5114944348915119 -0.195916526888185 1.0712356976998954 -0.6238401460826477
1.7630899014461423 -0.7379883679941748 -0.3407489494798071 1.0744249146957667 0.8218208701817521 0.4879980070224969
0.4134117518319287 -0.20502316740581558 0.008099786881263062 0.2954090475437114 0.973069209790147 -1.1638530560750189
-0.9477374667296888 -0.5959972591392235 -0.0837354151161525 1.3251457522574546 -0.5195772948539921 -1.697088397215302
0.732303236668425 1.194575337404609 -0.5705298595410322 -1.189577214067307 -0.16826713641558058 -1.1959978780621285
1.390912878377093 -0.4075109111448674 -0.11286254826396673 -0.11726992067707621 0.8407032143041121 1.06356214148398
0.059200896856078544 -0.5550389447918063 -0.37791254153089743 -0.4387174170865684 0.1537655797424897 -1.8491591145484534
-0.2724049461049888 -0.257790058937746 -0.14576149964491322 0.7790323197252512 -1.7049346099774252 0.34935036125270835
-2.737251579186267 -1.4673581767161568 -0.14318146478518634 -0.5332053722051027 0.34458086428873824 -0.04544757572743482
-0.7083622879956888 1.2354402768393533 -0.16357887768870855 0.13448401958503323 -0.21427422349765224 0.7126560358938022
0.21917749717741397 -1.321988895921137 1.2543017720567577 1.5961403367358205 0.20222341121327983 0.8540988532050249
1.2016879775958134 -1.205872191803595 -1.0636533063502305 0.5775360500244668 1.5617466548968917 -0.2055843595561641
-0.31205765765446836 -1.4267379701159038 2.2641072399476374 -0.16762246323306373 -0.3239742468195979 1.0359460965199836
-0.48391050114736767 -0.5536823191212499 -1.3001034823752078 -1.7266885658524052 -0.3316750796468628 0.8985979599720989
-0.939726121595659 0.30572960340318306 -0.20295006634632345 -0.25602318763683235 0.13705231430271217 -0.808158284064341
-0.7564125356210242 -0.7284765296677523 -0.9928766840647466 -0.8350163034377487 -0.5875715518384349 -0.06508467179980995
0.47516330949253677 0.022476202107954427 -0.5779647535502328 0.5102329235521155 -1.1230835981846332 0.10760795073263538
-0.5311395536634248 -0.051515325833235925 -2.451415662271955 0.03991531639502556 0.08332946501757686 0.1561635699368626
-0.8320576560918669 1.3315803691991588 0.3083874219920791 -0.369215986750596 0.8451907592359709 0.1678581119108848
-1.6202218958822685 -1.5609405782882062 -0.8415917006273852 1.5212461898254779 0.9959748220612861 1.0279820266411357
0.0003879364954960411 1.692358030752512 0.9188389448317347 -0.5660405995561796 -0.35929662603836376 -0.8630955468658854
0.5990844945335545 -0.83475545832174 -2.533298196747644 -1.4784444463667326 -1.026947986614164 -0.38906325807579556
2.01273066211303 1.3875407108430915 -1.5344839923328915 -0.24204731614348493 -0.4154668466541982 -0.6079019428420269
-0.2937112909302855 -0.3420192096823717 1.7945660805213353 0.67538487000293 -0.6827192193238911 -0.5011684823885455
-1.2595487574717847 -0.21444466679690485 -0.007184176865832148 -0.014729860785500017 0.27227821941554764 0.3485179458187694
0.0212765580460172 -1.0971459592002577 0.30860819080913676 0.9182180049924401 -0.5391262693799859 -0.9727558258491761
-2.2579566294442572 -0.6692340649394326 -0.378260062789769 0.2736501421587323 1.2558140736663144 1.0014214153362786
-0.1891074674437964 0.4567927732196053 0.3691964695672305 -2.0632245986497164 1.1079289695405037 0.8302992654666692
-0.04486698855746944 -0.7498494675316848 0.7863456343447341 -1.2983702272037279 -0.5658240898366405 0.20543858095674045
-0.09252930700594171 1.878591179702929 0.7711592841059061 1.358082825329908 -1.1573344926371132 -0.552995711565251
0.5089874933419839 0.05241381155685362 -0.5177296855924646 1.312341799509345 -0.5659657990620203 0.5219519370317977
-0.8312220288753185 0.7436501040296978 -1.0613245717722788 -0.7172193951938304 -0.7110754503892616 0.7763702294687888
0.4614854647636953 -1.2511713955481094 1.3350131646607115 -0.2504561713324747 -0.24913207714125682 1.1736226976281379
-1.9296566537563877 0.3317608150684159 -0.16176004081576714 -2.0552812440014905 -0.15343652982599895 -0.7487162039010806
-0.08545445897493648 0.5920241234836303 1.5557511312367336 -1.4786701606075243 -0.09667139504834933 0.19403546058398521
-1.7393775468033557 0.2837017943050568 -0.43709940814983383 -1.435452176842763 0.45962604129420637 0.06104434321315124
-0.24059121260908176 -1.8318511885498778 0.7606301412095259 1.6766685092860958 1.2936775157911458 -0.40886455754924517
-0.24520991761484132 -0.08261402617635269 -0.9617725674417528 0.5774460629032422 1.0325067368899719 -0.3108775915557112
1.290401658624414 0.09675284464038035 2.8279036920285976 1.2901522647278767 -0.8564709299826256 -1.3438361276806543
-0.8271454475758049 -2.230725134565255 -0.6687461750936405 0.45480316621520894 0.18912553437166668 0.10199247348559391
-1.6331596428015513 0.23583121603867138 -0.005125722280685913 -0.07570926199750508 -1.403198396181117 -1.2633389842048055
1.1488200954050702 -1.2713397711129832 -1.3619728071918364 0.7612722897282679 -0.10923130334385411 -0.3475383110463593
0.8944120123325305 0.22299905998327732 -0.6082335499790191 -0.767621711655065 -1.0378520614869586 -1.3378123654505445
0.10927651864972052 -0.8086587360185691 1.2504354533584747 -0.22441702349494108 -0.9857192903689851 -1.022358231164538
-0.26790663483504407 -0.5125588940287639 -0.48502014261921955 -0.9457247071069182 1.55205957462449 -0.30933551807294596
3.03063313856458 -0.49973751921785203 0.6690253995365414 -1.147657055524405 -0.9083821299380749 -0.6658911073962966
-0.7115311964548124 0.7608153938448617 1.233967838198222 -0.7456293241157428 0.13287278035643071 0.24143312832396868
-1.0004476674005194 0.40229050546479717 0.6566958412506825 0.2882269447010795 -0.4759370882891911 0.8479646710701779
-0.4120648862515117 -0.41156670455064404 0.5111099643200009 -1.0552437655910174 0.415514875851455 0.19274454534984448
0.23890074324399088 -0.08911944942004432 -0.372390688056841 -0.5057252585635076 -1.6776440114685451 -2.4422541799226916
0.9337891004502307 -0.5271626894738539 -0.7512960795824598 0.34490224781782153 -2.3428813421855876 0.9205697293498625
1.1095069234553416 0.26902231215009276 0.3765152717538239 -0.2893145174469195 1.3642855065416553 1.229247051326353
-0.3662517101167559 1.750486188682745 -0.08195748451169417 0.24282241957959913 0.3815000453853067 -0.8129278975573958
-0.34100105479964643 0.08457871148923633 -1.0966314025231951 -1.526116607665795 0.43943362979671 2.284555203405382
-0.8419398491391155 -0.9381670997029308 0.5596273546344328 1.9654181853996964 -0.2622154355931795 0.1357938499992831
0.8569364949502698 -0.4313644839221463 -0.09558847895990832 0.33220973302649776 0.29045637847905775 0.06128540742373661
1.4223395681791702 -1.4230395978003174 -0.40425340211083344 0.07782126048800085 1.5563718036530574 1.863452224574654
-1.6538480808664053 -0.6633687768232244 0.32555568987259476 0.17062722579940504 0.08415532533750883 -0.488959918028344
1.0032793360613308 -2.1079122732364475 -0.45120418062599454 0.202597646528694 -0.21947093599145312 -1.063898984466717
-2.0923502869937862 -0.018553950017371607 -0.5283832611129263 -0.13515746349622904 -1.3548493488956557 1.3978964906898093
-0.40928994776544914 -0.029485511275158787 -0.26707818300374997 -0.010986802958109805 0.5482681453036188 -0.5193702141187915
-0.42188998803108974 -3.2063512293029888 0.9755089683999679 -0.7433723764349066 -0.6958568832608698 1.383978797015005
-2.095295423165575 -0.6318119951793579 0.07557333513436507 1.5359267726252157 0.5861018970447124 0.8337758579976521
0.1630240022877183 -0.9378898458411975 -0.19565273653880744 0.9122696732786093 -0.0887336461381663 0.09024727775802054
1.02208260942315 1.2860528719813418 -0.511468154449467 -1.360985012100702 0.3237874747600103 0.3760029037435298
-1.1477076200193537 0.0754514122439642 1.8281899354842566 1.846651380042717 0.8329500520464777 -1.849604500365144
0.6865970381211616 1.290710160876482 0.34208989205749996 -0.8152692847334363 0.44510328495785056 -0.04109638514492922
0.14995350470519953 -0.5384350778776806 -0.005349457766259207 0.6482475282517767 1.1137362244758586 0.9911276618071797
0.07925184731615639 1.7902900567924798 0.306205942558986 -2.4938029289820167 0.46910761077955926 -2.9994088668120793
-0.23864000376047023 -0.0898761688181284 -0.4932696830200806 0.8710335653682469 1.0223042748944313 -0.21965461853036242
-0.2266887597951978 1.779031414137681 0.2707413729251647 -0.14932374195704415 1.5901825934974234 -0.1910279082067237
1.445658513661866 -0.038594704781599806 1.5043281559362933 0.07364000257526979 0.4352276391504459 2.955533027785122
1.807650232987779 -0.8218806046834346 -0.19634391430033132 -0.7388392312466938 1.665711354299178 -0.8272072437655786
-0.40802883653308114 -0.45658355571730236 0.40559014079521266 1.2284783125257173 -0.8530145456898267 -0.5664817859903862
0.5853068444481793 -1.3878645265756986 -0.012496485194580274 0.246684564262493 -0.7001661071709406 -0.5558113117247047
0.5624061214418797 -0.46624004091224874 -0.6333981196686816 -0.19980677518202905 1.4039204695169925 -0.2978382732424629
0.04077433491452567 -2.1044043769783456 -1.2055600343015176 0.35945177679517865 -1.320383316323864 0.43233083772571274
-0.9432385256792452 1.6005735322890273 -1.1378736785920596 1.2871122303637799 0.9456248468208511 0.09958196127898696
-2.133746873846045 0.2709946177139307 -0.28107112971066894 -1.602512353919185 -1.404730834834409 -1.6269380936740094
-0.22174145928217248 -1.3954648842049724 1.4939759141011835 -0.8108871505703937 2.00608227667614 0.1869418958339502
0.6290355039785046 1.5375129175909628 -0.8538809554280506 0.5167701982445129 0.601208706152723 0.8710943740845599
1.87409872085875 -0.0065477566152877436 -0.11941946546630308 -1.4301843012806714 0.07952311900593632 0.3523913969133257
1.9946715050946695 -0.8973001107611378 2.199825358012265 0.030671587339187217 -0.003264540420218576 -0.455987020332717
0.3526626840338756 0.5135134119696264 -0.08962711154339367 2.1574120066118465 -1.0941535661529735 0.5909954019740747
-0.9931209672965775 0.511190836393921 -0.004409587887487467 0.8700612699283374 -0.012603047739335776 0.8188404845128233
-0.169155944996315 -0.13625537986240993 1.108819160984425 -0.4610281276564033 -1.0467785051481977 -0.013963575839594823
-0.2015306375634258 -1.6806307344346123 -0.44803289051351963 -2.5547737252188467 -0.3635537240282863 0.21655913544199107
0.47217629592740623 -1.506627142785721 1.1503716969876954 0.18553876437476877 0.8927326795506334 -2.264164240065479
-0.6622252782861482 0.91532969787637 -1.5530766662883269 0.56019548174733 -0.3272405449648786 -1.08685612490194
0.5281255311186701 1.2208118176154397 0.9261887664767942 0.1466342175440064 -0.1321116565458484 0.3472340131510563
